#PROGRAM TEST BEGIN

#SEGMENT 1 ARM_CONTROL BEGIN
#MOVEJ,2,0,0,0,0,0,0,-0.64,-1.9,-1.5,-1.0,1.5,-0.1,0,0,0,0,0,0,0,0.2,0.3
#MOVEL,1,-.130608531530,-.431269092087,.125809174659,-.001220983028,3.116276481241,.038891916168,0.011,0.0,0.02,0.0,0.0,0.0,5.0,1.2,0.25

#PARALLEL BEGIN
#PARALLEL SEGMENT 1 BEGIN
#MOVEJ,2,0,0,0,0,0,0,-0.64,-1.9,-1.5,-1.0,1.5,-0.1,0,0,0,0,0,0,0,0.2,0.3
#MOVEJ,2,0,0,0,0,0,0,-0.64,-1.9,-1.5,-1.0,1.5,-0.1,0,0,0,0,0,0,0,0.2,0.3
#MOVEJ,2,0,0,0,0,0,0,-0.64,-1.9,-1.5,-1.0,1.5,-0.1,0,0,0,0,0,0,0,0.2,0.3
#PARALLEL SEGMENT 1 END

#PARALLEL SEGMENT 2 BEGIN
#MOVEL,1,-.130608531530,-.431269092087,.125809174659,-.001220983028,3.116276481241,.038891916168,0.011,0.0,0.02,0.0,0.0,0.0,5.0,1.2,0.25
#MOVEL,1,-.130608531530,-.431269092087,.125809174659,-.001220983028,3.116276481241,.038891916168,0.011,0.0,0.02,0.0,0.0,0.0,5.0,1.2,0.25
#PARALLEL SEGMENT 2 END
#PARALLEL END

#CALCULATION BEGIN
variable[0]=variable[0]-0.2
variable[2]=0.333
#CALCULATION END
#SEGMENT 1 ARM_CONTROL END

#PROGRAM TEST END
